0.00000000
0.00000000
0.00000000
0.00000000
0.00000000
0.00000000
0.00000000
0.00000000
0.00000000
0.00000000
0.00000000
0.00000000
0.00000000
0.00000000
0.00000000
0.00000000
0.00000000
0.00000000
0.00000001
0.00000011
0.00000149
0.00001606
0.00013468
0.00088105
0.00450113
0.01800065
0.05659308
0.14095017
0.28176787
0.46173715
0.63941163
0.77671310
0.85900456
0.89130785
0.88616610
0.85621462
0.81159906
0.75874980
0.69693625
0.61614613
0.50457799
0.36519995
0.22369979
0.11224280
0.04515594
0.01437964
0.00359806
0.00070454
0.00010772
0.00001284
0.00000119
0.00000009
0.00000000
0.00000000
0.00000000
0.00000000
0.00000000
0.00000000
0.00000000
0.00000000
0.00000000
0.00000000
0.00000000
0.00000000
0.00000000
0.00000000
0.00000000
0.00000000
0.00000000
0.00000000
0.00000000
0.00000000
0.00000000
0.00000000
0.00000000
0.00000000
0.00000000
0.00000000
0.00000000
0.00000000
0.00000000
0.00000000
0.00000000
0.00000000
0.00000000
0.00000000
0.00000000
0.00000000
0.00000000
0.00000000
0.00000000
0.00000000
0.00000000
0.00000000
0.00000000
0.00000000
0.00000000
0.00000000
0.00000000
0.00000000
0.00000000
