0.00000000
0.00000000
0.00000000
0.00000000
0.00000000
0.00000000
0.00000000
0.00000000
0.00000000
0.00000000
0.00000000
0.00000000
0.00000000
0.00000000
0.00000000
0.00000000
0.00000000
0.00000000
0.00000000
0.00000000
0.78666667
0.77333333
0.76000000
0.74666667
0.73333333
0.72000000
0.70666667
0.69333333
0.68000000
0.66666667
0.65333333
0.64000000
0.62666667
0.61333333
0.60000000
0.58666667
0.57333333
0.56000000
0.54666667
0.53333333
0.52000000
0.50666667
0.49333333
0.48000000
0.46666667
0.45333333
0.44000000
0.42666667
0.41333333
0.40000000
0.38666667
0.37333333
0.36000000
0.34666667
0.33333333
0.32000000
0.30666667
0.29333333
0.28000000
0.26666667
0.25333333
0.24000000
0.22666667
0.21333333
0.20000000
0.18666667
0.17333333
0.16000000
0.14666667
0.13333333
0.12000000
0.10666667
0.09333333
0.08000000
0.06666667
0.05333333
0.04000000
0.02666667
0.01333333
0.00000000
0.00000000
0.00000000
0.00000000
0.00000000
0.00000000
0.00000000
0.00000000
0.00000000
0.00000000
0.00000000
0.00000000
0.00000000
0.00000000
0.00000000
0.00000000
0.00000000
0.00000000
0.00000000
0.00000000
0.00000000
0.00000000
