0.00061352
0.00081568
0.00107752
0.00141434
0.00184460
0.00239041
0.00307795
0.00393797
0.00500614
0.00632345
0.00793644
0.00989733
0.01226396
0.01509954
0.01847216
0.02245391
0.02711981
0.03254633
0.03880948
0.04598267
0.05413411
0.06332401
0.07360144
0.08500113
0.09754019
0.11121492
0.12599781
0.14183502
0.15864429
0.17631366
0.19470090
0.21363406
0.23291290
0.25231153
0.27158212
0.29045961
0.30866747
0.32592410
0.34195001
0.35647516
0.36924654
0.38003545
0.38864431
0.39491263
0.39872205
0.40000000
0.39872205
0.39491263
0.38864431
0.38003545
0.36924654
0.35647516
0.34195001
0.32592410
0.30866747
0.29045961
0.27158212
0.25231153
0.23291290
0.21363406
0.19470090
0.17631366
0.15864429
0.14183502
0.12599781
0.11121492
0.09754019
0.08500113
0.07360144
0.06332401
0.05413411
0.04598267
0.03880948
0.03254633
0.02711981
0.02245391
0.01847216
0.01509954
0.01226396
0.00989733
0.00793644
0.00632345
0.00500614
0.00393797
0.00307795
0.00239041
0.00184460
0.00141434
0.00107752
0.00081568
0.00061352
0.00045853
0.00034050
0.00025124
0.00018420
0.00013419
0.00009713
0.00006985
0.00004992
0.00003545
0.00002501
