0.00016773
0.00024898
0.00036590
0.00053238
0.00076691
0.00109375
0.00154436
0.00215892
0.00298801
0.00409435
0.00555450
0.00746039
0.00992055
0.01306070
0.01702373
0.02196847
0.02806738
0.03550268
0.04446081
0.05512526
0.06766764
0.08223723
0.09894935
0.11787304
0.13901865
0.16232623
0.18765555
0.21477868
0.24337613
0.27303721
0.30326533
0.33348841
0.36307452
0.39135227
0.41763511
0.44124845
0.46155817
0.47799874
0.49009934
0.49750624
0.50000000
0.49750624
0.49009934
0.47799874
0.46155817
0.44124845
0.41763511
0.39135227
0.36307452
0.33348841
0.30326533
0.27303721
0.24337613
0.21477868
0.18765555
0.16232623
0.13901865
0.11787304
0.09894935
0.08223723
0.06766764
0.05512526
0.04446081
0.03550268
0.02806738
0.02196847
0.01702373
0.01306070
0.00992055
0.00746039
0.00555450
0.00409435
0.00298801
0.00215892
0.00154436
0.00109375
0.00076691
0.00053238
0.00036590
0.00024898
0.00016773
0.00011187
0.00007387
0.00004830
0.00003126
0.00002003
0.00001271
0.00000798
0.00000496
0.00000306
0.00000186
0.00000112
0.00000067
0.00000040
0.00000023
0.00000013
0.00000008
0.00000004
0.00000002
0.00000001
0.00000001
