0.06151171
0.07858867
0.09940750
0.12449026
0.15435074
0.18946940
0.23026424
0.27705818
0.33004451
0.38925222
0.45451345
0.52543554
0.60138030
0.68145316
0.76450420
0.84914292
0.93376754
1.01660865
1.09578635
1.16937830
1.23549566
1.29236288
1.33839647
1.37227814
1.39301747
1.40000000
1.39301747
1.37227814
1.33839647
1.29236288
1.23549566
1.16937830
1.09578635
1.01660865
0.93376754
0.84914292
0.76450420
0.68145316
0.60138030
0.52543554
0.45451345
0.38925222
0.33004451
0.27705818
0.23026424
0.18946940
0.15435074
0.12449026
0.09940750
0.07858867
0.06151171
0.04766644
0.03656997
0.02777753
0.02088910
0.01555260
0.01146418
0.00836643
0.00604498
0.00432420
0.00306249
0.00214733
0.00149067
0.00102452
0.00069714
0.00046965
0.00031324
0.00020685
0.00013523
0.00008753
0.00005609
0.00003559
0.00002235
0.00001390
0.00000856
0.00000522
0.00000315
0.00000188
0.00000111
0.00000065
0.00000038
0.00000022
0.00000012
0.00000007
0.00000004
0.00000002
0.00000001
0.00000001
0.00000000
0.00000000
0.00000000
0.00000000
0.00000000
0.00000000
0.00000000
0.00000000
0.00000000
0.00000000
0.00000000
0.00000000
0.00000000
