0.00000186
0.00000496
0.00001271
0.00003126
0.00007387
0.00016773
0.00036590
0.00076691
0.00154436
0.00298801
0.00555450
0.00992055
0.01702373
0.02806738
0.04446081
0.06766765
0.09894937
0.13901873
0.18765578
0.24337680
0.30326719
0.36307948
0.41764782
0.46158943
0.49017321
0.50016773
0.49046524
0.46232508
0.41917946
0.36606253
0.30881983
0.25329668
0.20467928
0.16708603
0.14341016
0.13533528
0.14341016
0.16708603
0.20467928
0.25329668
0.30881983
0.36606253
0.41917946
0.46232508
0.49046524
0.50016773
0.49017321
0.46158943
0.41764782
0.36307948
0.30326719
0.24337680
0.18765578
0.13901873
0.09894937
0.06766765
0.04446081
0.02806738
0.01702373
0.00992055
0.00555450
0.00298801
0.00154436
0.00076691
0.00036590
0.00016773
0.00007387
0.00003126
0.00001271
0.00000496
0.00000186
0.00000067
0.00000023
0.00000008
0.00000002
0.00000001
0.00000000
0.00000000
0.00000000
0.00000000
0.00000000
0.00000000
0.00000000
0.00000000
0.00000000
0.00000000
0.00000000
0.00000000
0.00000000
0.00000000
0.00000000
0.00000000
0.00000000
0.00000000
0.00000000
0.00000000
0.00000000
0.00000000
0.00000000
0.00000000
0.00000000
