0.05141790
0.07272266
0.10104257
0.13791714
0.18493167
0.24360351
0.31523542
0.40074276
0.50046714
0.61399476
0.74000212
0.87615406
1.01907747
1.16442932
1.30706827
1.44132733
1.56137125
1.66160942
1.73712441
1.78407090
1.80000000
1.78407090
1.73712441
1.66160942
1.56137125
1.44132733
1.30706827
1.16442932
1.01907747
0.87615406
0.74000212
0.61399476
0.50046714
0.40074276
0.31523542
0.24360351
0.18493167
0.13791714
0.10104257
0.07272266
0.05141790
0.03571397
0.02436919
0.01633516
0.01075684
0.00695866
0.00442227
0.00276086
0.00169326
0.00102019
0.00060383
0.00035110
0.00020055
0.00011254
0.00006204
0.00003360
0.00001787
0.00000934
0.00000480
0.00000242
0.00000120
0.00000058
0.00000028
0.00000013
0.00000006
0.00000003
0.00000001
0.00000001
0.00000000
0.00000000
0.00000000
0.00000000
0.00000000
0.00000000
0.00000000
0.00000000
0.00000000
0.00000000
0.00000000
0.00000000
0.00000000
0.00000000
0.00000000
0.00000000
0.00000000
0.00000000
0.00000000
0.00000000
0.00000000
0.00000000
0.00000000
0.00000000
0.00000000
0.00000000
0.00000000
0.00000000
0.00000000
0.00000000
0.00000000
0.00000000
0.00000000
