0.00000000
0.00000000
0.00000000
0.00000000
0.00000000
0.00000000
0.00000001
0.00000002
0.00000007
0.00000020
0.00000056
0.00000149
0.00000381
0.00000938
0.00002216
0.00005032
0.00010977
0.00023007
0.00046331
0.00089640
0.00166635
0.00297616
0.00510712
0.00842021
0.01333824
0.02030029
0.02968480
0.04170560
0.05629666
0.07301284
0.09097960
0.10892236
0.12529053
0.13846745
0.14702980
0.15000000
0.14702980
0.13846745
0.12529053
0.10892236
0.09097960
0.07301284
0.05629666
0.04170560
0.02968480
0.02030029
0.01333824
0.00842021
0.00510712
0.00297616
0.00166635
0.00089640
0.00046331
0.00023007
0.00010977
0.00005032
0.00002216
0.00000938
0.00000381
0.00000149
0.00000056
0.00000020
0.00000007
0.00000002
0.00000001
0.00000000
0.00000000
0.00000000
0.00000000
0.00000000
0.00000000
0.00000000
0.00000000
0.00000000
0.00000000
0.00000000
0.00000000
0.00000000
0.00000000
0.00000000
0.00000000
0.00000000
0.00000000
0.00000000
0.00000000
0.00000000
0.00000000
0.00000000
0.00000000
0.00000000
0.00000000
0.00000000
0.00000000
0.00000000
0.00000000
0.00000000
0.00000000
0.00000000
0.00000000
0.00000000
0.00000000
