0.00000000
0.00000000
0.00000000
0.00000000
0.00000000
0.00000000
0.00000000
0.00000000
0.00000000
0.00000000
0.00000000
0.00000000
0.00000000
0.00000001
0.00000011
0.00000149
0.00001603
0.00013419
0.00087500
0.00444373
0.01757656
0.05415334
0.13002201
0.24366227
0.35833120
0.42109137
0.41797733
0.39859305
0.42195821
0.48262068
0.51690837
0.48760406
0.43497757
0.42362836
0.45727492
0.47690971
0.44236459
0.38490573
0.36205914
0.38082052
0.39339386
0.36589426
0.32320233
0.31111230
0.33113734
0.33581894
0.28639837
0.19487731
0.10400956
0.04332171
0.01406116
0.00355498
0.00070000
0.00010735
0.00001282
0.00000119
0.00000009
0.00000000
0.00000000
0.00000000
0.00000000
0.00000000
0.00000000
0.00000000
0.00000000
0.00000000
0.00000000
0.00000000
0.00000000
0.00000000
0.00000000
0.00000000
0.00000000
0.00000000
0.00000000
0.00000000
0.00000000
0.00000000
0.00000000
0.00000000
0.00000000
0.00000000
0.00000000
0.00000000
0.00000000
0.00000000
0.00000000
0.00000000
0.00000000
0.00000000
0.00000000
0.00000000
0.00000000
0.00000000
0.00000000
0.00000000
0.00000000
0.00000000
0.00000000
0.00000000
0.00000000
