0.00115978
0.00144517
0.00179281
0.00221421
0.00272253
0.00333270
0.00406153
0.00492780
0.00595233
0.00715797
0.00856965
0.01021424
0.01212044
0.01431861
0.01684043
0.01971856
0.02298619
0.02667649
0.03082194
0.03545368
0.04060058
0.04628850
0.05253924
0.05936961
0.06679046
0.07480566
0.08341119
0.09259424
0.10233246
0.11259333
0.12333369
0.13449947
0.14602568
0.15783659
0.16984624
0.18195920
0.19407155
0.20607227
0.21784471
0.22926845
0.24022122
0.25058106
0.26022854
0.26904902
0.27693490
0.28378784
0.28952074
0.29405960
0.29734515
0.29933407
0.30000000
0.29933407
0.29734515
0.29405960
0.28952074
0.28378784
0.27693490
0.26904902
0.26022854
0.25058106
0.24022122
0.22926845
0.21784471
0.20607227
0.19407155
0.18195920
0.16984624
0.15783659
0.14602568
0.13449947
0.12333369
0.11259333
0.10233246
0.09259424
0.08341119
0.07480566
0.06679046
0.05936961
0.05253924
0.04628850
0.04060058
0.03545368
0.03082194
0.02667649
0.02298619
0.01971856
0.01684043
0.01431861
0.01212044
0.01021424
0.00856965
0.00715797
0.00595233
0.00492780
0.00406153
0.00333270
0.00272253
0.00221421
0.00179281
0.00144517
0.00115978
