0.00000000
0.00000000
0.00000000
0.00000001
0.00000004
0.00000013
0.00000040
0.00000112
0.00000306
0.00000798
0.00002003
0.00004830
0.00011187
0.00024898
0.00053238
0.00109375
0.00215892
0.00409435
0.00746041
0.01306075
0.02196860
0.03550307
0.05512639
0.08224029
0.11788102
0.16234627
0.21482698
0.27314909
0.33373738
0.39188465
0.44234220
0.48015766
0.50160059
0.50496663
0.49105945
0.46321692
0.42685495
0.38861367
0.35527444
0.33265172
0.32465247
0.33265172
0.35527444
0.38861367
0.42685495
0.46321692
0.49105945
0.50496663
0.50160059
0.48015766
0.44234220
0.39188465
0.33373738
0.27314909
0.21482698
0.16234627
0.11788102
0.08224029
0.05512639
0.03550307
0.02196860
0.01306075
0.00746041
0.00409435
0.00215892
0.00109375
0.00053238
0.00024898
0.00011187
0.00004830
0.00002003
0.00000798
0.00000306
0.00000112
0.00000040
0.00000013
0.00000004
0.00000001
0.00000000
0.00000000
0.00000000
0.00000000
0.00000000
0.00000000
0.00000000
0.00000000
0.00000000
0.00000000
0.00000000
0.00000000
0.00000000
0.00000000
0.00000000
0.00000000
0.00000000
0.00000000
0.00000000
0.00000000
0.00000000
0.00000000
0.00000000
