0.00000002
0.00000007
0.00000022
0.00000065
0.00000188
0.00000522
0.00001390
0.00003559
0.00008753
0.00020685
0.00046965
0.00102452
0.00214733
0.00432420
0.00836643
0.01555260
0.02777753
0.04766644
0.07858867
0.12449026
0.18946940
0.27705818
0.38925222
0.52543554
0.68145316
0.84914292
1.01660865
1.16937830
1.29236288
1.37227814
1.40000000
1.37227814
1.29236288
1.16937830
1.01660865
0.84914292
0.68145316
0.52543554
0.38925222
0.27705818
0.18946940
0.12449026
0.07858867
0.04766644
0.02777753
0.01555260
0.00836643
0.00432420
0.00214733
0.00102452
0.00046965
0.00020685
0.00008753
0.00003559
0.00001390
0.00000522
0.00000188
0.00000065
0.00000022
0.00000007
0.00000002
0.00000001
0.00000000
0.00000000
0.00000000
0.00000000
0.00000000
0.00000000
0.00000000
0.00000000
0.00000000
0.00000000
0.00000000
0.00000000
0.00000000
0.00000000
0.00000000
0.00000000
0.00000000
0.00000000
0.00000000
0.00000000
0.00000000
0.00000000
0.00000000
0.00000000
0.00000000
0.00000000
0.00000000
0.00000000
0.00000000
0.00000000
0.00000000
0.00000000
0.00000000
0.00000000
0.00000000
0.00000000
0.00000000
0.00000000
0.00000000
