0.00000000
0.00000000
0.00000000
0.00000000
0.00000000
0.00000000
0.00000000
0.00000000
0.00000000
0.00000000
0.00000000
0.00000000
0.00000000
0.00000001
0.00000013
0.00000186
0.00002003
0.00016773
0.00109375
0.00555450
0.02196847
0.06766764
0.16232624
0.30326546
0.44125018
0.50001744
0.44138565
0.30410575
0.16633566
0.08256447
0.06507387
0.10269405
0.17157919
0.23319651
0.24810442
0.20586721
0.13404565
0.07246151
0.04603463
0.06203999
0.11635229
0.18906074
0.24236444
0.24236444
0.18906074
0.11635229
0.06203999
0.04603463
0.07246151
0.13404557
0.20586609
0.24809240
0.23309587
0.17092294
0.09936135
0.05189279
0.04196389
0.06893992
0.12214655
0.17663658
0.20001744
0.17650111
0.12130627
0.06493050
0.02706706
0.00878739
0.00222180
0.00043750
0.00006709
0.00000801
0.00000075
0.00000005
0.00000000
0.00000000
0.00000000
0.00000000
0.00000000
0.00000000
0.00000000
0.00000000
0.00000000
0.00000000
0.00000000
0.00000000
0.00000000
0.00000000
0.00000000
0.00000000
0.00000000
0.00000000
0.00000000
0.00000000
0.00000000
0.00000000
0.00000000
0.00000000
0.00000000
0.00000000
0.00000000
0.00000000
0.00000000
