0.00000030
0.00000049
0.00000079
0.00000128
0.00000203
0.00000321
0.00000500
0.00000773
0.00001182
0.00001790
0.00002684
0.00003984
0.00005854
0.00008518
0.00012270
0.00017500
0.00024710
0.00034543
0.00047808
0.00065510
0.00088872
0.00119366
0.00158729
0.00208971
0.00272380
0.00351495
0.00449078
0.00568043
0.00711373
0.00882004
0.01082682
0.01315796
0.01583190
0.01885969
0.02224298
0.02597220
0.03002489
0.03436459
0.03894018
0.04368595
0.04852245
0.05335814
0.05809192
0.06261636
0.06682162
0.07059975
0.07384931
0.07647980
0.07841589
0.07960100
0.08000000
0.07960100
0.07841589
0.07647980
0.07384931
0.07059975
0.06682162
0.06261636
0.05809192
0.05335814
0.04852245
0.04368595
0.03894018
0.03436459
0.03002489
0.02597220
0.02224298
0.01885969
0.01583190
0.01315796
0.01082682
0.00882004
0.00711373
0.00568043
0.00449078
0.00351495
0.00272380
0.00208971
0.00158729
0.00119366
0.00088872
0.00065510
0.00047808
0.00034543
0.00024710
0.00017500
0.00012270
0.00008518
0.00005854
0.00003984
0.00002684
0.00001790
0.00001182
0.00000773
0.00000500
0.00000321
0.00000203
0.00000128
0.00000079
0.00000049
0.00000030
