0.38958296
0.45037332
0.51546883
0.58410271
0.65528931
0.72783679
0.80037217
0.87137884
0.93924545
1.00232425
1.05899628
1.10773962
1.14719698
1.17623841
1.19401498
1.20000000
1.19401498
1.17623841
1.14719698
1.10773962
1.05899628
1.00232425
0.93924545
0.87137884
0.80037217
0.72783679
0.65528931
0.58410271
0.51546883
0.45037332
0.38958296
0.33364476
0.28289529
0.23747844
0.19736935
0.16240234
0.13230063
0.10670594
0.08520642
0.06736172
0.05272432
0.04085695
0.03134569
0.02380931
0.01790494
0.01333080
0.00982644
0.00717123
0.00518141
0.00370646
0.00262499
0.00184057
0.00127772
0.00087816
0.00059755
0.00040256
0.00026849
0.00017730
0.00011591
0.00007503
0.00004808
0.00003050
0.00001916
0.00001192
0.00000734
0.00000447
0.00000270
0.00000161
0.00000095
0.00000056
0.00000032
0.00000019
0.00000011
0.00000006
0.00000003
0.00000002
0.00000001
0.00000001
0.00000000
0.00000000
0.00000000
0.00000000
0.00000000
0.00000000
0.00000000
0.00000000
0.00000000
0.00000000
0.00000000
0.00000000
0.00000000
0.00000000
0.00000000
0.00000000
0.00000000
0.00000000
0.00000000
0.00000000
0.00000000
0.00000000
0.00000000
